100000000000000000000000000000000000000000000000000000000000000000000000000000000000000000000000000000000000000000000000000000000000000000000000000000
100000000000000000000000000000000000000000000000000000000000000000000000000000000000000000000000000000000000000000000000000000000000000000000000000000
100000000000000000000000000000000000000000000000000000000000000000000000000000000000000000000000000000000000000000000000000000000000000000000000000000
100000000000000000000000000000000000000000000000000000000000000000000000000000000000000000000000000000000000000000000000000000000000000000000000000000
100000000000000000000000000000000000000000000000000000000000000000000000000000000000000000000000000000000000000000000000000000000000000000000000000000
100000000000000000000000000000000000000000000000000000000000000000000000000000000000000000000000000000000000000000000000000000000000000000000000000000
100000000000000000000000000000000000000000000000000000000000000000000000000000000000000000000000000000000000000000000000000000000000000000000000000000
100000000000000000000000000000000000000000000000000000000000000000000000000000000000000000000000000000000000000000000000000000000000000000000000000000
100000000000000000000000000000000000000000000000000000000000000000000000000000000000000000000000000000000000000000000000000000000000000000000000000000
100000000000000000000000000000000000000000000000000000000000000000000000000000000000000000000000000000000000000000000000000000000000000000000000000000
100000000000000000000000000000000000000000000000000000000000000000000000000000000000000000000000000000000000000000000000000000000000000000000000000000
100000000000000000000000000000000000000000000000000000000000000000000111111111111000000000000000000000000000000000000000000000000000000000000000000000
100000000000000000000000000000000000000000000000000000000001111111111111111111111111111111100000000000000000000000000000000000000000000000000000000000
100000000000000000000000000000000000000000000000000000111111111111111111111111111111111111111111000000000000000000000000000000000000000000000000000000
100000000000000000000000000000000000000000000000001111111111111111111111111111111111111111111111111100000000000000000000000000000000000000000000000000
10000000000000000000000000000000000000000000000111111111111111111111111111 11111 111111111111111111111110000000000000000000000000000000000000000000000
1000000000000000000000000000000000000000000011111111111111111   1111111111  11111111111   111111111111111100000000000000000000000000000000000000000000
1000000000000000000000000000000000000000011111111111 1111 11 11 1111111111111111111111 11 111111111111111111100000000000000000000000000000000000000000
10000000000000000000000000000000000000011111111111111 111111111111111111111111111111111111111111111111111111111000000000000000000000000000000000000000
100000000000000000000000000000000000011111111111111111111111111111111111111111111111111111111111111111111111111110000000000000000000000000000000000000
1000000000000000000000000000000000011111111111111111111111111111                     1111111111111111111    111111110000000000000000000000000000000000
10000000000000000000000000000000011111111111111111111111111                                1111111    111  1111111111000000000000000000000000000000000
10000000000000000000000000000000111111111111111111111111                                      111 1100001 11111111111110000000000000000000000000000000
10000000000000000000000000000011111111111111111111111                                             100001  111111111111110000011111  100000000000000000
100000000000000000000000000001111111111111111111111                                              1000001 11111111111111110011  1111  10000000000000000
1000000000000000000000000000111111111111111111111                                                100001  111111111111111111  1000001  1000000000000000
10000000000000000000000000011111111111111111111                                                 1000001 11111  1111111  11  100000001  100000000000000
100000000000000000000000001111111111111111111                                                   100001   1  11000000001    10001000000  10000000000000
10000000000000000000000001111111111111111111                                                   100001     11000011100001  10001 1000001  1000000000000
100000000000000000000000011111111111111111                                                    1000001   1100001    00001 10001   1000001 1000000000000
100000000000000000000000111111111111     11110001                                      111    100001   1000001   100001 10001     000001  100000000000
100000000000000000000000111111    111110000000000                              1111 110000   100000   100000111100001  10001     1000001  100000000000
100000000000000000000011    1111000000001111110001                         110000000000001   100001   1000000000111   1000111  110000011 1000000000000
100000000000000000011  1110000000000001        101                       1000001111000001   1000001  100000111      10001  11000000001  10000000000000
100000000000000011  110000011100000001          11            111111   1000001    1000001   100001  1000000      1100011     1111111  1100000000000000
1000000000000001  10000011   100000001               11111111100001   1000001     100001   100001   100000011111000011  111111111111100000000000000000
10000000000001  1000011      10000001              100000110000001   1000001     1000001  1000001  10010000000000111  11111111110000000000000000000000
1000000000000  100001       10000001             1000011   1000001  1000001     1000001  100000011001  111111111   11111111111110000000000000000000000
1000000000001 100001        10000001           1100001     100001   100001     100000011100000000001           111111111111111110000000000000000000000
100000000001  10001        1000000011111101   1000001     1000001  1000001    100000000001  111111            1111111111111111110000000000000000000000
100000000000  10001        100000000000111   1000001     1000001   100000011110100000011                      1111111111111111100000000000000000000000
1000000000001  1001       100000001111       100000      1000001 10000000000011100001                         1111111111111111100000000000000000000000
10000000000001  100      100000001          1000001    1000000011001  1111111 1000001                        11111111111111111100000000000000000000000
1000000000000001  1      10000001           0000001   1001100000001          1000001                        111111111111111111000000000000000000000000
10000000000000000111    10000001           10000000010001  111111          11000001                         111111111111111111000000000000000000000000
1000000000000000000001  00000001         10011100000011              1111000000011                         1111111111111111110000000000000000000000000
100000000000000000001  1000001        110001    1111                  1110001111                         111111111111111111100000000000000000000000000
10000000000000000001  1000001   11110000001                                                             1111111111111111111100000000000000000000000000
1000000000000000011  10000011100000000011  11111                                                       11111111111111111111000000000000000000000000000
10000000000000011  100000000000001111   111111111                                                    1111111111111111111110000000000000000000000000000
100000000000001 110000000011111     111111111111111                                                111111111111111111111100000000000000000000000000000
10000000000001 100001111   111111111111111111111111111                                          111111111111111111111110000000000000000000000000000000
1000000000000  111   111110000001111111111111111111111111                                    111111111111111111111111100000000000000000000000000000000
1000000000001111111000000000000000111111111111111111111111111                            11111111111111 1111111111111000000000000000000000000000000000
10000000000000000000000000000000000111111111111111 1111111111111111                1111111111111111111111111111111100000000000000000000000000000000000
100000000000000000000000000000000000011111111111 111111111111111111111111111111111111111111111111 11111 1111111110000000000000000000000000000000000000
1000000000000000000000000000000000000001111111111111111111111111111111111111111111111111111 1111111111111111111000000000000000000000000000000000000000
100000000000000000000000000000000000000000111111111111111  11 1111111111 111111111111111111 1111111111111111000000000000000000000000000000000000000000
100000000000000000000000000000000000000000000111111111111111111 11 11  1 111111 11 11 1 11111111111111111000000000000000000000000000000000000000000000
100000000000000000000000000000000000000000000000111111111111111111111111 111 11 1111111111111111111111000000000000000000000000000000000000000000000000
100000000000000000000000000000000000000000000000000111111111111111111111111111111111111111111111111000000000000000000000000000000000000000000000000000
100000000000000000000000000000000000000000000000000000001111111111111111111111111111111111111100000000000000000000000000000000000000000000000000000000
100000000000000000000000000000000000000000000000000000000000001111111111111111111111111100000000000000000000000000000000000000000000000000000000000000
100000000000000000000000000000000000000000000000000000000000000000000000000000000000000000000000000000000000000000000000000000000000000000000000000000
100000000000000000000000000000000000000000000000000000000000000000000000000000000000000000000000000000000000000000000000000000000000000000000000000000
100000000000000000000000000000000000000000000000000000000000000000000000000000000000000000000000000000000000000000000000000000000000000000000000000000
100000000000000000000000000000000000000000000000000000000000000000000000000000000000000000000000000000000000000000000000000000000000000000000000000000
100000000000000000000000000000000000000000000000000000000000000000000000000000000000000000000000000000000000000000000000000000000000000000000000000000
100000000000000000000000000000000000000000000000000000000000000000000000000000000000000000000000000000000000000000000000000000000000000000000000000000
100000000000000000000000000000000000000000000000000000000000000000000000000000000000000000000000000000000000000000000000000000000000000000000000000000
100000000000000000000000000000000000000000000000000000000000000000000000000000000000000000000000000000000000000000000000000000000000000000000000000000
100000000000000000000000000000000000000000000000000000000000000000000000000000000000000000000000000000000000000000000000000000000000000000000000000000
100000000000000000000000000000000000000000000000000000000000000000000000000000000000000000000000000000000000000000000000000000000000000000000000000000
100000000000000000000000000000000000000000000000000000000000000000000000000000000000000000000000000000000000000000000000000000000000000000000000000000
100000000000000000000000000000000000000000000000000000000000000000000000000000000000000000000000000000000000000000000000000000000000000000000000000000
